              precision    recall  f1-score   support

           0       0.50      0.60      0.55         5
           1       0.11      0.33      0.17         3
           2       0.20      0.22      0.21         9
           3       0.00      0.00      0.00         4
           4       0.00      0.00      0.00         7
           5       0.00      0.00      0.00         7
           6       0.40      0.50      0.44         4
           7       0.27      1.00      0.43         3
           8       0.80      0.67      0.73         6
           9       0.25      0.20      0.22         5
          10       0.00      0.00      0.00         3
          11       0.00      0.00      0.00         6
          12       0.33      0.25      0.29         4
          13       0.40      1.00      0.57         2
          14       0.38      0.60      0.46         5
          15       0.33      0.09      0.14        11
          16       0.75      0.67      0.71         9
          17       0.17      0.12      0.14         8
          18       0.20      0.12      0.15         8
          19       1.00      0.33      0.50         3
          20       0.50      0.50      0.50         4
          21       0.38      0.50      0.43         6
          22       0.67      0.67      0.67         6
          23       0.00      0.00      0.00         2
          24       0.75      0.43      0.55         7
          25       0.14      0.20      0.17         5
          26       0.00      0.00      0.00         1
          27       0.40      0.25      0.31         8
          28       0.20      0.17      0.18         6
          29       0.57      0.57      0.57        14
          30       0.20      0.29      0.24         7
          31       0.20      0.33      0.25         6
          32       0.25      0.25      0.25         4
          33       0.44      0.57      0.50         7
          34       0.50      0.30      0.38        10
          35       0.75      0.50      0.60         6
          36       0.38      0.38      0.38         8
          37       0.29      0.33      0.31         6
          38       0.38      0.30      0.33        10
          39       0.10      0.33      0.15         3
          40       0.44      0.40      0.42        10
          41       0.71      0.62      0.67         8
          42       0.80      1.00      0.89         8
          43       0.20      0.29      0.24         7
          44       0.20      0.14      0.17         7
          45       0.00      0.00      0.00         4
          46       0.08      0.14      0.10         7
          47       0.00      0.00      0.00         7
          48       0.00      0.00      0.00         4
          49       0.33      0.40      0.36         5
          50       0.36      0.56      0.43         9
          51       1.00      0.40      0.57        10
          52       0.60      0.30      0.40        10
          53       0.80      0.67      0.73         6
          54       0.00      0.00      0.00         1
          55       0.60      0.38      0.46         8
          56       0.00      0.00      0.00         5
          57       0.00      0.00      0.00         5
          58       0.00      0.00      0.00         6
          59       0.53      1.00      0.70         8
          60       0.20      0.14      0.17         7
          61       0.57      0.57      0.57         7
          62       0.50      0.33      0.40         6
          63       0.83      0.62      0.71         8
          64       0.00      0.00      0.00         6
          65       0.25      0.60      0.35         5
          66       0.00      0.00      0.00         7
          67       0.60      0.75      0.67         4
          68       0.67      0.55      0.60        11
          69       0.25      0.25      0.25         4
          70       0.40      0.50      0.44         4
          71       0.00      0.00      0.00         4
          72       0.67      1.00      0.80         8
          73       0.33      0.17      0.22         6
          74       0.83      0.62      0.71         8
          75       0.50      0.17      0.25         6
          76       0.22      0.40      0.29         5
          77       0.50      0.43      0.46         7
          78       0.00      0.00      0.00         4
          79       0.00      0.00      0.00         7
          80       0.00      0.00      0.00         5
          81       0.00      0.00      0.00         3
          82       0.00      0.00      0.00         7
          83       0.14      0.20      0.17         5
          84       0.00      0.00      0.00         1
          85       0.20      0.25      0.22         4
          86       0.20      0.33      0.25         3
          87       0.45      0.62      0.53         8
          88       0.10      0.20      0.13         5
          89       1.00      1.00      1.00         4
          90       0.00      0.00      0.00         5
          91       0.25      0.14      0.18         7
          92       0.00      0.00      0.00         5
          93       0.78      0.88      0.82         8
          94       0.00      0.00      0.00         6
          95       0.27      1.00      0.43         3
          96       0.29      0.22      0.25         9
          97       0.50      0.33      0.40         9
          98       0.20      0.20      0.20         5
          99       0.50      0.50      0.50         4
         100       0.70      0.78      0.74         9
         101       0.21      0.50      0.30         6
         102       0.67      0.40      0.50         5
         103       0.67      0.40      0.50         5
         104       0.00      0.00      0.00         2
         105       0.71      1.00      0.83         5
         106       0.38      0.50      0.43         6
         107       0.33      0.20      0.25         5
         108       0.67      0.29      0.40         7
         109       0.25      0.25      0.25         4
         110       0.00      0.00      0.00         4
         111       0.00      0.00      0.00         4
         112       0.00      0.00      0.00         3
         113       0.38      0.75      0.50         4
         114       0.67      0.40      0.50         5
         115       0.50      0.44      0.47         9
         116       0.67      0.67      0.67         3
         117       0.67      0.80      0.73         5
         118       0.80      1.00      0.89         4
         119       0.00      0.00      0.00         3
         120       0.60      0.75      0.67         4
         121       0.00      0.00      0.00         1
         122       0.80      0.67      0.73         6
         123       0.00      0.00      0.00         2
         124       0.00      0.00      0.00         6
         125       0.17      0.25      0.20         4
         126       0.33      0.75      0.46         4
         129       1.00      0.14      0.25         7
         130       0.60      0.60      0.60         5
         131       0.50      0.50      0.50         6
         132       0.20      0.20      0.20         5
         133       0.43      0.75      0.55         4
         134       0.00      0.00      0.00         0
         135       0.11      0.25      0.15         4
         136       0.00      0.00      0.00         0
         137       0.50      0.50      0.50         4
         138       0.67      0.50      0.57         4
         139       0.50      0.50      0.50         6
         140       0.29      1.00      0.44         2
         141       0.40      0.40      0.40         5
         142       0.50      0.67      0.57         3
         143       0.25      1.00      0.40         1
         144       0.40      0.40      0.40         5
         145       0.80      0.57      0.67         7
         146       0.00      0.00      0.00         2
         147       0.60      0.75      0.67         4
         148       0.67      0.50      0.57         4
         149       0.25      0.17      0.20         6
         150       0.40      0.29      0.33         7
         151       0.00      0.00      0.00         3
         152       0.50      0.60      0.55         5
         153       0.20      0.33      0.25         6
         154       0.29      0.33      0.31         6
         155       0.11      0.50      0.18         2
         156       0.50      0.14      0.22         7
         157       0.50      0.20      0.29         5
         158       0.25      0.17      0.20         6
         159       0.33      0.33      0.33         9
         160       0.14      0.25      0.18         4
         161       0.67      0.44      0.53         9
         162       0.40      0.33      0.36         6
         163       0.30      0.43      0.35         7
         164       0.50      0.50      0.50         4
         165       0.67      1.00      0.80         6
         166       0.40      0.20      0.27        10
         167       0.50      0.62      0.56         8
         168       0.75      0.75      0.75         4
         169       0.40      0.29      0.33         7
         170       0.00      0.00      0.00         5
         171       0.50      0.44      0.47         9
         172       0.78      0.58      0.67        12
         173       0.11      0.25      0.15         4
         174       0.17      0.33      0.22         6
         175       0.71      0.71      0.71         7
         176       0.75      0.60      0.67         5
         177       0.00      0.00      0.00         1
         178       1.00      0.67      0.80         3
         179       0.38      0.75      0.50         4
         180       0.25      0.14      0.18         7
         181       0.12      0.11      0.12         9
         182       0.33      0.50      0.40         6
         183       0.38      0.38      0.38         8
         184       0.00      0.00      0.00         3
         185       0.60      0.43      0.50         7
         186       0.00      0.00      0.00         6
         187       0.38      0.50      0.43         6
         188       0.50      0.33      0.40         9
         189       0.25      0.17      0.20         6
         190       0.29      0.33      0.31         6
         191       0.43      0.60      0.50         5
         192       1.00      0.80      0.89         5
         193       0.33      0.20      0.25         5
         194       0.00      0.00      0.00         5
         195       0.00      0.00      0.00         2
         196       0.00      0.00      0.00         5
         197       0.10      0.25      0.14         4
         198       1.00      0.56      0.71         9
         199       0.75      0.75      0.75         8
         200       0.38      0.50      0.43         6
         201       0.57      0.67      0.62         6
         202       0.33      0.29      0.31         7
         203       0.27      0.33      0.30         9
         204       0.40      0.29      0.33         7
         205       0.75      0.75      0.75         4
         206       0.50      0.33      0.40         6
         207       0.38      0.60      0.46         5
         208       0.30      1.00      0.46         3
         209       0.50      0.20      0.29         5
         210       0.33      0.40      0.36         5
         211       0.71      0.45      0.56        11
         212       0.00      0.00      0.00         4
         213       0.00      0.00      0.00         6
         214       0.25      0.20      0.22         5
         215       0.43      0.43      0.43         7
         216       0.00      0.00      0.00         6
         217       0.33      0.33      0.33         6
         218       0.00      0.00      0.00         1
         219       0.67      0.33      0.44         6
         220       0.00      0.00      0.00         6
         221       0.44      0.80      0.57         5
         222       0.40      0.22      0.29         9
         223       0.20      0.17      0.18         6
         224       0.11      0.17      0.13         6
         225       0.50      0.12      0.20         8
         226       0.00      0.00      0.00         7
         227       0.67      0.33      0.44         6
         228       0.50      0.17      0.25         6

    accuracy                           0.37      1284
   macro avg       0.35      0.35      0.33      1284
weighted avg       0.39      0.37      0.36      1284
